x = [1,2,3];
x[1,2] = 3;
y[1,2] = 3;

x[1,3] = 3;

m =[1,2;
    3,4];
m[2,2] = 9;