
N = 10;
M = 20;


{
  N = 100;
  M = 200;
}

print N;